twz0_Axial_Position_dat(um),twz0_Axial_Stark_shift_dat(MHz),twz1_Axial_Position_dat(um),twz1_Axial_Stark_shift_dat(MHz),twz2_Axial_Position_dat(um),twz2_Axial_Stark_shift_dat(MHz),twz3_Axial_Position_dat(um),twz3_Axial_Stark_shift_dat(MHz),twz4_Axial_Position_dat(um),twz4_Axial_Stark_shift_dat(MHz)
-0.381,-1.1551630368658172,-0.381,5.690941144284178,-0.381,21.9271960513034,-0.381,37.389180053346166,-0.381,31.907284187844585
-0.37206532663316577,-1.1688251761783595,-0.37206532663316577,5.708592983918058,-0.37206532663316577,21.990253065811523,-0.37206532663316577,37.47695086471475,-0.37206532663316577,31.83995897318599
-0.36313065326633165,-1.1799163489527775,-0.36313065326633165,5.716005681228157,-0.36313065326633165,22.021669875262077,-0.36313065326633165,37.52398580866202,-0.36313065326633165,31.731489957849696
-0.3541959798994975,-1.1883290249302338,-0.3541959798994975,5.71314171335467,-0.3541959798994975,22.02128645268884,-0.3541959798994975,37.53003881855099,-0.3541959798994975,31.582401520748338
-0.34526130653266335,-1.1939816422016523,-0.34526130653266335,5.700015577620299,-0.34526130653266335,21.98910475112117,-0.34526130653266335,37.49507822763217,-0.34526130653266335,31.393414409943375
-0.33632663316582917,-1.196819397960272,-0.33632663316582917,5.676693718145232,-0.33632663316582917,21.925288693635913,-0.33632663316582917,37.41928693471042,-0.33632663316582917,31.16544225828524
-0.32739195979899494,-1.196814779821474,-0.32739195979899494,5.643294189508923,-0.32739195979899494,21.83016333838678,-0.32739195979899494,37.3030614472969,-0.32739195979899494,30.89958716657779
-0.31845728643216076,-1.193967832558672,-0.31845728643216076,5.599986059161215,-0.31845728643216076,21.704213222864283,-0.31845728643216076,37.147009807251976,-0.31845728643216076,30.59713437561973
-0.3095226130653267,-1.1883061576692266,-0.3095226130653267,5.546988551607794,-0.3095226130653267,21.54807989582002,-0.3095226130653267,36.951948409771205,-0.3095226130653267,30.259546052880303
-0.30058793969849246,-1.1798846457745993,-0.30058793969849246,5.484569938702065,-0.30058793969849246,21.362558649426877,-0.30058793969849246,36.71889773235612,-0.30058793969849246,29.888454223846647
-0.29165326633165833,-1.1687849444491492,-0.29165326633165833,5.4130461816607784,-0.29165326633165833,21.14859446832043,-0.29165326633165833,36.449076996113966,-0.29165326633165833,29.485652882215398
-0.2827185929648241,-1.1551146666370462,-0.2827185929648241,5.332779331677468,-0.2827185929648241,20.907277216155876,-0.2827185929648241,36.143897787316234,-0.2827185929648241,29.05308931707068
-0.2737839195979899,-1.1390063473317862,-0.2737839195979899,5.244175697229762,-0.2737839195979899,20.63983608419853,-0.2737839195979899,35.804956672585206,-0.2737839195979899,28.59285469897609
-0.2648492462311558,-1.1206161586334318,-0.2648492462311558,5.147683787357597,-0.2648492462311558,20.347633330224987,-0.2648492462311558,35.4340268463427,-0.2648492462311558,28.107173970490955
-0.25591457286432157,-1.1001223956412507,-0.25591457286432157,5.043792041323404,-0.25591457286432157,20.032157339626934,-0.25591457286432157,35.03304885421801,-0.25591457286432157,27.598395089983832
-0.24697989949748744,-1.077723747861207,-0.24697989949748744,4.933026356146664,-0.24697989949748744,19.695015044062103,-0.24697989949748744,34.60412044094616,-0.24697989949748744,27.06897768074255
-0.2380452261306533,-1.053637372887217,-0.2380452261306533,4.815947424528373,-0.2380452261306533,19.337923736269232,-0.2380452261306533,34.149485575867914,-0.2380452261306533,26.521481140255165
-0.2291105527638191,-1.0280967910320646,-0.2291105527638191,4.693147896640775,-0.2291105527638191,18.96270232273977,-0.2291105527638191,33.67152271344537,-0.2291105527638191,25.958552267145958
-0.22017587939698494,-1.0013496213197801,-0.22017587939698494,4.5652493801493,-0.22017587939698494,18.571262058802247,-0.22017587939698494,33.17273235020919,-0.22017587939698494,25.382912465582315
-0.21124120603015076,-0.9736551807893131,-0.21124120603015076,4.4328992936525005,-0.21124120603015076,18.165596813311915,-0.21124120603015076,32.65572394323411,-0.21124120603015076,24.797344589011125
-0.2023065326633166,-0.9452819703845387,-0.2023065326633166,4.296767589467798,-0.2023065326633166,17.74777291253399,-0.2023065326633166,32.1232022585796,-0.2023065326633166,24.20467948682689
-0.1933718592964824,-0.9165050718051954,-0.1933718592964824,4.1575433623521905,-0.1933718592964824,17.319918614952552,-0.1933718592964824,31.577953221114882,-0.1933718592964824,23.607782319009832
-0.18443718592964825,-0.8876034805566033,-0.18443718592964825,4.0159313613244825,-0.18443718592964825,16.884213270616957,-0.18443718592964825,31.022829339755855,-0.18443718592964825,23.009538704894105
-0.1755025125628141,-0.8588574010545619,-0.1755025125628141,3.8726484222460957,-0.1755025125628141,16.44287622024447,-0.1755025125628141,30.46073478436291,-0.1755025125628141,22.412840773027987
-0.1665678391959799,-0.8305455300097161,-0.1665678391959799,3.7284198392186316,-0.1665678391959799,15.998155490623521,-0.1665678391959799,29.89461019237081,-0.1665678391959799,21.820573179566132
-0.15763316582914572,-0.8029423544293065,-0.15763316582914572,3.5839756931660642,-0.15763316582914572,15.552316343899484,-0.15763316582914572,29.327417284635924,-0.15763316582914572,21.235599162786137
-0.14869849246231157,-0.7763154904325007,-0.14869849246231157,3.4400471561861794,-0.14869849246231157,15.10762973906917,-0.14869849246231157,28.76212337098401,-0.14869849246231157,20.66074670114697
-0.1397638190954774,-0.7509230886798149,-0.1397638190954774,3.2973627903785188,-0.1397638190954774,14.666360764457407,-0.1397638190954774,28.201685826518915,-0.1397638190954774,20.0987948418062
-0.1308291457286432,-0.7270113315712998,-0.1308291457286432,3.156644859884066,-0.1308291457286432,14.230757100096938,-0.1308291457286432,27.64903661990551,-0.1308291457286432,19.552460265689138
-0.12189447236180903,-0.7048120464784554,-0.12189447236180903,3.0186056748050127,-0.12189447236180903,13.803037568780448,-0.12189447236180903,27.10706697456817,-0.12189447236180903,19.024384154059092
-0.1129597989949749,-0.6845404581498813,-0.1129597989949749,2.883943985511582,-0.1129597989949749,13.385380834101955,-0.1129597989949749,26.578612243050863,-0.1129597989949749,18.51711942008065
-0.10402512562814072,-0.6663931020813593,-0.10402512562814072,2.7533414455878242,-0.10402512562814072,12.979914303056017,-0.10402512562814072,26.066437073669732,-0.10402512562814072,18.03311836710324
-0.09509045226130654,-0.6505459190804995,-0.09509045226130654,2.6274591613208527,-0.09509045226130654,12.588703289721387,-0.09509045226130654,25.57322094705983,-0.09509045226130654,17.57472083332935
-0.08615577889447235,-0.6371525494993722,-0.08615577889447235,2.5069343451999027,-0.08615577889447235,12.213740495225611,-0.08615577889447235,25.10154415828259,-0.08615577889447235,17.144142880180468
-0.07722110552763817,-0.6263428436727488,-0.07722110552763817,2.392377090365101,-0.07722110552763817,11.856935857576339,-0.07722110552763817,24.653874317829672,-0.07722110552763817,16.743466079045188
-0.06828643216080404,-0.6182216030034334,-0.06828643216080404,2.2843672823336068,-0.06828643216080404,11.520106823060932,-0.06828643216080404,24.232553442144077,-0.06828643216080404,16.37462744820144
-0.05935175879396987,-0.612867563900011,-0.05935175879396987,2.1834516636358563,-0.05935175879396987,11.20496908876866,-0.05935175879396987,23.839785701195435,-0.05935175879396987,16.03941008856129
-0.05041708542713569,-0.6103326344178631,-0.05041708542713569,2.090141066220662,-0.05041708542713569,10.913127863390109,-0.05041708542713569,23.477625887208873,-0.05041708542713569,15.739434563508642
-0.0414824120603015,-0.6106413910043045,-0.0414824120603015,2.0049078256386306,-0.0414824120603015,10.646069690808389,-0.0414824120603015,23.147968664874085,-0.0414824120603015,15.476151064502822
-0.032547738693467325,-0.6137908402269605,-0.032547738693467325,1.9281833900932408,-0.032547738693467325,10.405154878130109,-0.032547738693467325,22.852538659272998,-0.032547738693467325,15.250832400322395
-0.0236130653266332,-0.6197504477954545,-0.0236130653266332,1.8603561364624919,-0.0236130653266332,10.191610566725286,-0.0236130653266332,22.5928814333816,-0.0236130653266332,15.064567843841749
-0.014678391959799017,-0.6284624345950398,-0.014678391959799017,1.8017694043463561,-0.014678391959799017,10.006524481569986,-0.014678391959799017,22.370355402347915,-0.014678391959799017,14.91825786608743
-0.005743718592964835,-0.6398423368620902,-0.005743718592964835,1.752719758091638,-0.005743718592964835,9.850839390730577,-0.005743718592964835,22.18612472684703,-0.005743718592964835,14.81260978303169
0.0031909547738693464,-0.6537798250704852,0.0031909547738693464,1.7134554855918092,0.0031909547738693464,9.72534830321111,0.0031909547738693464,22.041153222692156,0.0031909547738693464,14.748134336168238
0.012125628140703528,-0.6701397735896824,0.012125628140703528,1.684175341460859,0.012125628140703528,9.630690429624462,0.012125628140703528,21.93619931856403,0.012125628140703528,14.725143223400968
0.021060301507537706,-0.6887635707440165,0.021060301507537706,1.665027540943175,0.021060301507537706,9.56734792626224,0.021060301507537706,21.871812088237586,0.021060301507537706,14.74374759218222
0.029994974874371833,-0.7094706565720403,0.029994974874371833,1.6561090096522575,0.029994974874371833,9.535643439148128,0.029994974874371833,21.848328378063687,0.029994974874371833,14.803857502185341
0.03892964824120602,-0.7320602733771475,0.03892964824120602,1.6574648929360576,0.03892964824120602,9.535738460584405,0.03892964824120602,21.86587104473358,0.03892964824120602,14.905182360109118
0.047864321608040196,-0.7563134120976712,0.047864321608040196,1.669088327352532,0.047864321608040196,9.567632506562907,0.047864321608040196,21.924348312545437,0.047864321608040196,15.047232324512143
0.056798994974874374,-0.7819949356261758,0.056798994974874374,1.6909204754121874,0.056798994974874374,9.631163119230413,0.056798994974874374,22.023454253535423,0.056798994974874374,15.22932067388559
0.06573366834170856,-0.8088558584920953,0.06573366834170856,1.7228508234117534,0.06573366834170856,9.726006694395885,0.06573366834170856,22.162670387961505,0.06573366834170856,15.450567126516287
0.07466834170854268,-0.8366357608059243,0.07466834170854268,1.7647177408513592,0.07466834170854268,9.851680129864514,0.07466834170854268,22.341268396766875,0.07466834170854268,15.70990209609063
0.08360301507537687,-0.8650653130614825,0.08360301507537687,1.816309298603459,0.08360301507537687,10.007543286202534,0.08360301507537687,22.558313931832647,0.08360301507537687,16.006071862466232
0.09253768844221105,-0.893868887317987,0.09253768844221105,1.8773643416919568,0.09253768844221105,10.1928022473984,0.09253768844221105,22.81267150408614,0.09253768844221105,16.337644632613873
0.10147236180904523,-0.9227672294462073,0.10147236180904523,1.9475738112511565,0.10147236180904523,10.406513364811659,0.10147236180904523,23.103010423892286,0.10147236180904523,16.703017462428924
0.11040703517587941,-0.9514801665309586,0.11040703517587941,2.02658230897282,0.11040703517587941,10.647588063810918,0.11040703517587941,23.427811762650627,0.11040703517587941,17.100424005949755
0.11934170854271359,-0.979729323181332,0.11934170854271359,2.1139898961221446,0.11934170854271359,10.914798388617463,0.11934170854271359,23.785376299177727,0.11934170854271359,17.527943054520435
0.1282763819095477,-1.0072408204137109,0.1282763819095477,2.2093541180160914,0.1282763819095477,11.206783257110942,0.1282763819095477,24.173833409303025,0.1282763819095477,17.983507824616456
0.13721105527638197,-1.0337479309415794,0.13721105527638197,2.3121922437162254,0.13721105527638197,11.52205539373714,0.13721105527638197,24.591150852171534,0.13721105527638197,18.464915949432577
0.1461457286432161,-1.0589936651287566,0.1461457286432161,2.4219837095987797,0.1461457286432161,11.859008905203872,0.1461457286432161,25.035145402055644,0.1461457286432161,18.969840125929853
0.15508040201005022,-1.0827332625349435,0.15508040201005022,2.5381727544327073,0.15508040201005022,12.215927460376935,0.15508040201005022,25.503494270054993,0.15508040201005022,19.495839365870218
0.16401507537688445,-1.104736564897736,0.16401507537688445,2.660171232626977,0.16401507537688445,12.590993032710319,0.16401507537688445,25.99374725593093,0.16401507537688445,20.04037079644683
0.17294974874371857,-1.1247902475447582,0.17294974874371857,2.787361591406585,0.17294974874371857,12.982295160679628,0.17294974874371857,26.503339566502397,0.17294974874371857,20.600801953461755
0.1818844221105528,-1.1426998876021142,0.1818844221105528,2.919099996846872,0.1818844221105528,13.387840679049125,0.1818844221105528,27.029605233542956,0.1818844221105528,21.17442350762122
0.19081909547738693,-1.1582918489476157,0.19081909547738693,3.054719592942269,0.19081909547738693,13.805563871404436,0.19081909547738693,27.569791060982148,0.19081909547738693,21.75846236242481
0.19975376884422105,-1.1714149656339492,0.19975376884422105,3.193533877212142,0.19975376884422105,14.233336992237291,0.19975376884422105,28.121071028445535,0.19975376884422105,22.350095060328783
0.2086884422110553,-1.1819420074607792,0.2086884422110553,3.334840175756543,0.2086884422110553,14.668981104986194,0.2086884422110553,28.68056107578024,0.2086884422110553,22.946461432373003
0.2176231155778894,-1.1897709134868997,0.2176231155778894,3.4779232001711895,0.2176231155778894,15.110277180827568,0.2176231155778894,29.245334191219662,0.2176231155778894,23.5446784252843
0.22655778894472364,-1.1948257815233785,0.22655778894472364,3.622058668316744,0.22655778894472364,15.554977401683876,0.22655778894472364,29.812435724252644,0.22655778894472364,24.14185403921106
0.23549246231155777,-1.1970576040144403,0.23549246231155777,3.7665169706140698,0.23549246231155777,16.000816609874676,0.23549246231155777,30.378898843086645,0.23549246231155777,24.73510130870873
0.2444271356783919,-1.1964447431716363,0.2444271356783919,3.910566863306885,0.2444271356783919,16.445523846090076,0.2444271356783919,30.941760055838184,0.2444271356783919,25.321552259387268
0.25336180904522615,-1.192993140754814,0.25336180904522615,4.053479169996528,0.25336180904522615,16.88683391691571,0.25336180904522615,31.498074714250283,0.25336180904522615,25.898371772748792
0.2622964824120603,-1.18673626046604,0.2622964824120603,4.194530472711853,0.2622964824120603,17.322498932988132,0.2622964824120603,32.04493241882814,0.2622964824120603,26.46277129218787
0.2712311557788945,-1.1777347635149673,0.2712311557788945,4.333006773830109,0.2712311557788945,17.750299759009103,0.2712311557788945,32.579472244800044,0.2712311557788945,27.012022303894618
0.28016582914572863,-1.1660759205010867,0.28016582914572863,4.4682071103122984,0.28016582914572863,18.168057317295904,0.28016582914572863,33.09889770924769,0.28016582914572863,27.543469527488845
0.28910050251256275,-1.1518727653147294,0.28910050251256275,4.599447101957851,0.28910050251256275,18.57364368729145,0.28910050251256275,33.60049140110443,0.28910050251256275,28.05454375261714
0.298035175879397,-1.1352629992598575,0.298035175879397,4.72606241571744,0.298035175879397,18.964992944496537,0.298035175879397,34.08162919748352,0.298035175879397,28.542774259455836
0.3069698492462311,-1.1164076560232996,0.3069698492462311,4.8474121285276945,0.3069698492462311,19.34011168361448,0.3069698492462311,34.53979399196268,0.3069698492462311,29.005800763074756
0.31590452261306534,-1.0954895404337184,0.31590452261306534,4.962881971645263,0.31590452261306534,19.69708917230667,0.31590452261306534,34.97258886300439,0.31590452261306534,29.441384823918305
0.32483919597989946,-1.0727114561467332,0.32483919597989946,5.071887440057437,0.32483919597989946,20.034107083838972,0.32483919597989946,35.37774961362052,0.32483919597989946,29.84742066924138
0.3337738693467336,-1.048294239438996,0.3337738693467336,5.1738767512296775,0.3337738693467336,20.349448759044286,0.3337738693467336,35.753156616679085,0.3337738693467336,30.22194537318539
0.3427085427135679,-1.0224746181738338,0.3427085427135679,5.268333638212857,0.3427085427135679,20.641507950423634,0.3427085427135679,36.096845903883505,0.3427085427135679,30.563148346280194
0.351643216080402,-0.9955029166960394,0.351643216080402,5.354779962971667,0.351643216080402,20.90879700384628,0.351643216080402,36.407019440411716,0.351643216080402,30.86938008849608
0.3605778894472362,-0.9676406289071318,0.3605778894472362,5.43277813670554,0.3605778894472362,21.149954436174024,0.3605778894472362,36.68205453146258,0.3605778894472362,31.13916016353061
0.3695125628140703,-0.9391578830504176,0.3695125628140703,5.501933334910537,0.3695125628140703,21.3637518702116,0.3695125628140703,36.92051231149852,0.3695125628140703,31.37118435577938
0.3784472361809046,-0.910330822785063,0.3784472361809046,5.561895495969582,0.3784472361809046,21.549100291658917,0.3784472361809046,37.12114527177236,0.3784472361809046,31.564330975391535
0.3873819095477387,-0.8814389299399896,0.3873819095477387,5.612361093154264,0.3873819095477387,21.705055596194214,0.3873819095477387,37.282903786757636,0.3873819095477387,31.717666280928967
0.39631658291457283,-0.8527623149038038,0.39631658291457283,5.653074671068378,0.39631658291457283,21.83082339843314,0.39631658291457283,37.40494160533878,0.39631658291457283,31.830448993414116
0.405251256281407,-0.8245790009207684,0.405251256281407,5.683830138755765,0.405251256281407,21.92576307826841,0.405251256281407,37.48662027803368,0.405251256281407,31.902133879943815
0.41418592964824114,-0.7971622286218923,0.41418592964824114,5.704471812926777,0.41418592964824114,21.989391043979424,0.41418592964824114,37.527512497087386,0.41418592964824114,31.932374389544638
0.4231206030150754,-0.7707778069240288,0.4231206030150754,5.714895206022607,0.4231206030150754,22.021383195490536,0.4231206030150754,37.52740433196277,0.4231206030150754,31.921024328527153
0.43205527638190955,-0.7456815359803413,0.43205527638190955,5.715047555128285,0.43205527638190955,22.021576575230984,0.43205527638190955,37.48629634853335,0.43205527638190955,31.86813856723969
0.44098994974874367,-0.7221167271669414,0.44098994974874367,5.704928089057036,0.44098994974874367,21.989970198187525,0.44098994974874367,37.40440360612283,0.44098994974874367,31.773972774805003
0.44992462311557796,-0.7003118441497285,0.44992462311557796,5.684588032254003,0.44992462311557796,21.926725056921786,0.44992462311557796,37.282154532407034,0.44992462311557796,31.63898218312218
0.4588592964824121,-0.6804782879015718,0.4588592964824121,5.654130345499587,0.4588592964824121,21.832163301526727,0.4588592964824121,37.120188682064246,0.4588592964824121,31.46381938610906
0.46779396984924626,-0.6628083471443602,0.46779396984924626,5.613709204724943,0.46779396984924626,21.70676659869928,0.46779396984924626,36.91935339089962,0.46779396984924626,31.249331184824406
0.4767286432160804,-0.6474733340866325,0.4767286432160804,5.563529220577877,0.4767286432160804,21.551173678287533,0.4767286432160804,36.68069934294802,0.4767286432160804,30.996554493721753
0.4856633165829145,-0.6346219235310375,0.4856633165829145,5.503844402689639,0.4856633165829145,21.366177079809482,0.4856633165829145,36.405475073746075,0.4856633165829145,30.706711327825438
0.4945979899497488,-0.6243787114541753,0.4945979899497488,5.434956873885517,0.4945979899497488,21.15271911551558,0.4945979899497488,36.09512043853026,0.4945979899497488,30.381202895062863
0.5035326633165829,-0.616843007033566,0.5035326633165829,5.357215340847805,0.5035326633165829,20.911887070557924,0.5035326633165829,35.75125907953232,0.5035326633165829,30.021602822312587
0.5124673366834172,-0.6120878698331849,0.5124673366834172,5.271013328972648,0.5124673366834172,20.644907664714786,0.5124673366834172,35.37568993178005,0.5124673366834172,29.629649547916138
0.5214020100502512,-0.610159401482171,0.5214020100502512,5.176787190355846,0.5214020100502512,20.35314080388074,0.5214020100502512,34.970377811841495,0.5214020100502512,29.207237917430966
0.5303366834170854,-0.6110762987139686,0.5303366834170854,5.075013894991142,0.5303366834170854,20.0380726531502,0.5303366834170854,34.53744313874797,0.5303366834170854,28.756410023253572
0.5392713567839196,-0.6148296720992389,0.5392713567839196,4.9662086163618735,0.5392713567839196,19.7013080667778,0.5392713567839196,34.07915084087188,0.5392713567839196,28.279345332397632
0.5482060301507538,-0.6213831322299503,0.5482060301507538,4.850922123647688,0.5482060301507538,19.34456241357503,0.5482060301507538,33.59789850679383,0.5482060301507538,27.77835015015291
0.557140703517588,-0.6306731425190832,0.557140703517588,4.7297379937468325,0.557140703517588,18.969652839381734,0.557140703517588,33.09620384214817,0.557140703517588,27.2558464705615
0.5660753768844221,-0.6426096351955082,0.5660753768844221,4.603269657226764,0.5660753768844221,18.578489011118744,0.5660753768844221,32.57669149806792,0.5660753768844221,26.71436026761238
0.5750100502512563,-0.6570768845219008,0.5750100502512563,4.472157293156297,0.5750100502512563,18.173063389568256,0.5750100502512563,32.04207934013668,0.5750100502512563,26.15650928375878
0.5839447236180905,-0.6739346287697341,0.5839447236180905,4.3370645885376655,0.5839447236180905,17.755441080429396,0.5839447236180905,31.49516422968252,0.5839447236180905,25.584990374793236
0.5928793969849245,-0.693019430073665,0.5928793969849245,4.19867537874205,0.5928793969849245,17.327749315344292,0.5928793969849245,30.938807391800054,0.5928793969849245,25.00256647225987
0.6018140703517588,-0.7141462589813703,0.6018140703517588,4.05769018595469,0.6018140703517588,16.89216661647483,0.6018140703517588,30.375919446648947,0.6018140703517588,24.412053226432167
0.610748743718593,-0.7371102883364189,0.610748743718593,3.9148226731517832,0.610748743718593,16.45091169982234,0.610748743718593,29.80944518233866,0.610748743718593,23.816305394429317
0.6196834170854272,-0.7616888791022787,0.6196834170854272,3.7707960315591227,0.6196834170854272,16.006232173812904,0.6196834170854272,29.24234814906097,0.6196834170854272,23.218203039275547
0.6286180904522612,-0.787643738874649,0.6286180904522612,3.626339319878965,0.6286180904522612,15.560393090714161,0.6286180904522612,28.677595155067667,0.6286180904522612,22.620637606621635
0.6375527638190954,-0.8147232321550861,0.6375527638190954,3.4821837738159394,0.6375527638190954,15.115665409198833,0.6375527638190954,28.118140745603135,0.6375527638190954,22.02649794643848
0.6464874371859297,-0.8426648199875335,0.6464874371859297,3.339059104583011,0.6464874371859297,14.674314426822967,0.6464874371859297,27.566911745991924,0.6464874371859297,21.438656347259258
0.6554221105527639,-0.8711976053051906,0.6554221105527639,3.197689805124396,0.6554221105527639,14.238588241340063,0.6554221105527639,27.02679194974499,0.6554221105527639,20.859954650485594
0.664356783919598,-0.9000449593102755,0.664356783919598,3.0587914827531826,0.664356783919598,13.810706299625414,0.664356783919598,26.50060703178992,0.664356783919598,20.293190511886305
0.6732914572864322,-0.9289272034236126,0.6732914572864322,2.9230672367677633,0.6732914572864322,13.392848092538511,0.6732914572864322,25.99110976575261,0.6732914572864322,19.741103876705573
0.6822261306532664,-0.9575643208022133,0.6822261306532664,2.7912040993834895,0.6822261306532664,12.987142053308599,0.6822261306532664,25.5009656226273,0.6822261306532664,19.2063637337651
0.6911608040201005,-0.9856786711363709,0.6911608040201005,2.6638695579954375,0.6911608040201005,12.595654715990895,0.6911608040201005,25.03273882617652,0.6911608040201005,18.691555212595446
0.7000954773869347,-1.0129976824059794,0.7000954773869347,2.541708176376461,0.7000954773869347,12.22038018921703,0.7000954773869347,24.58887893801294,0.7000954773869347,18.199167085973812
0.7090301507537689,-1.0392564934991642,0.7090301507537689,2.4253383319140047,0.7090301507537689,11.863229998857094,0.7090301507537689,24.17170804254461,0.7090301507537689,17.73157973828584
0.7179648241206029,-1.064200522072736,0.7179648241206029,2.3153490854015946,0.7179648241206029,11.526023351331084,0.7179648241206029,23.783408598826078,0.7179648241206029,17.29105365787632
0.7268994974874371,-1.0875879327587388,0.7268994974874371,2.2122971992301186,0.7268994974874371,11.210477867165602,0.7268994974874371,23.42601202286933,0.7268994974874371,16.879718509021366
0.7358341708542714,-1.1091919817875306,0.7358341708542714,2.116704319072678,0.7358341708542714,10.918200831995934,0.7358341708542714,23.10138806014735,0.7358341708542714,16.499562836352055
0.7447688442211056,-1.128803215296003,0.7447688442211056,2.029054333329243,0.7447688442211056,10.650681009577905,0.7447688442211056,22.81123500388827,0.7447688442211056,16.152424451501922
0.7537035175879396,-1.146231500008064,0.7537035175879396,1.9497909236975328,0.7537035175879396,10.409281058511631,0.7537035175879396,22.55707081033427,0.7537035175879396,15.839981548453059
0.7626381909547739,-1.1613078665997028,0.7626381909547739,1.8793153192690808,0.7626381909547739,10.195230591303599,0.7626381909547739,22.340225157446056,0.7626381909547739,15.563744590532242
0.7715728643216081,-1.1738861478769798,0.7715728643216081,1.817984265519153,0.7715728643216081,10.00961991112224,0.7715728643216081,22.16183248859856,0.7715728643216081,15.325049008278544
0.7805075376884422,-1.183844395884616,0.7805075376884422,1.7661082184714476,0.7805075376884422,9.853394458149637,0.7805075376884422,22.022826077660156,0.7805075376884422,15.125048743483399
0.7894422110552763,-1.1910860642061414,0.7894422110552763,1.7239497731786582,0.7894422110552763,9.727349993818057,0.7894422110552763,21.923933146504375,0.7894422110552763,14.964710670613696
0.7983768844221106,-1.1955409439930529,0.7983768844221106,1.6917223344739114,0.7983768844221106,9.632128547461125,0.7983768844221106,21.865671060497245,0.7983768844221106,14.844809922586837
0.8073115577889448,-1.1971658446480784,0.8073115577889448,1.6695890367216522,0.8073115577889448,9.568215146026064,0.8073115577889448,21.84834462186376,0.8073115577889448,14.765926143494534
0.8162462311557789,-1.1959450125632292,0.8162462311557789,1.6576619180362009,0.8162462311557789,9.535935343504883,0.8162462311557789,21.872044475093475,0.8162462311557789,14.728440686391169
0.8251809045226131,-1.1918902838529322,0.8251809045226131,1.6560013531480537,0.8251809045226131,9.535453562668636,0.8251809045226131,21.936646632727456,0.8251809045226131,14.732534769693581
0.8341155778894473,-1.1850409696014699,0.8341155778894473,1.6646157477887416,0.8341155778894473,9.566772257551547,0.8341155778894473,22.04181312400743,0.8341155778894473,14.778188601104922
0.8430502512562813,-1.175463474737276,0.8430502512562813,1.683461496141256,0.8430502512562813,9.629731900950954,0.8430502512562813,22.18699376299373,0.8430502512562813,14.865181473297863
0.8519849246231156,-1.1632506542291356,0.8519849246231156,1.7124432015714386,0.8519849246231156,9.724011797006792,0.8519849246231156,22.371429026901957,0.8519849246231156,14.99309283089458
0.8609195979899498,-1.1485209128460565,0.8609195979899498,1.7514141595229913,0.8609195979899498,9.84913171472153,0.8609195979899498,22.594154029600176,0.8609195979899498,15.161304303585348
0.8698542713567838,-1.1314170572087412,0.8698542713567838,1.8001771001316988,0.8698542713567838,10.00445433410005,0.8698542713567838,22.854003569478937,0.8698542713567838,15.369002695556887
0.878788944723618,-1.11210491126216,0.878788944723618,1.8584851867997967,0.878788944723618,10.18918849244954,0.878788944723618,23.149618225286016,0.878788944723618,15.615183916778527
0.8877236180904523,-1.0907717085923891,0.8877236180904523,1.926043265675692,0.8877236180904523,10.402393214303833,0.8877236180904523,23.479451468034796,0.8877236180904523,15.89865783714082
0.8966582914572866,-1.0676242771743945,0.8966582914572866,2.0025093597142547,0.8966582914572866,10.642982504445122,0.8966582914572866,23.841777751780096,0.8966582914572866,16.218054039980007
0.9055929648241205,-1.0428870341498464,0.9055929648241205,2.0874963997547313,0.9055929648241205,10.909730879608864,0.9055929648241205,24.2347015409339,0.9055929648241205,16.571828447173647
0.9145276381909548,-1.0167998100758426,0.9145276381909548,2.1805741838536803,0.9145276381909548,11.201279610695332,0.9145276381909548,24.656167226893864,0.9145276381909548,16.958270783779327
0.923462311557789,-0.98961552373871,0.923462311557789,2.2812715549547837,0.923462311557789,11.516143643691798,0.923462311557789,25.103969882105158,0.923462311557789,17.37551284612952
0.9323969849246231,-0.9615977300758402,0.9323969849246231,2.3890787858722593,0.9323969849246231,11.852719164052667,0.9323969849246231,25.57576679529497,0.9323969849246231,17.821537533411792
0.9413316582914573,-0.9330180649787558,0.9413316582914573,2.503450159515178,0.9413316582914573,12.209291766007002,0.9413316582914573,26.06908972753229,0.9413316582914573,18.294188599072275
0.9502663316582914,-0.9041536117503597,0.9502663316582914,2.623806731291604,0.9502663316582914,12.584045185181463,0.9502663316582914,26.58135782499449,0.9502663316582914,18.791181074900493
0.9592010050251255,-0.875284214748863,0.9592010050251255,2.7495392597094277,0.9592010050251255,12.975070550057907,0.9592010050251255,27.109891120886655,0.9592010050251255,19.310112317401867
0.9681356783919597,-0.8466897662629526,0.9681356783919597,2.8800112903392034,0.9681356783919597,13.380376105141409,0.9681356783919597,27.651924555877592,0.9681356783919597,19.84847362305563
0.977070351758794,-0.8186474929222697,0.977070351758794,3.014562377528094,0.977070351758794,13.797897356312182,0.977070351758794,28.204622443703247,0.977070351758794,20.403662356305567
0.9860050251256283,-0.7914292679517704,0.9860050251256283,3.1525114275567048,0.9860050251256283,14.225507586684412,0.9860050251256283,28.76509330626001,0.9860050251256283,20.972994531652756
0.9949396984924622,-0.7652989753279935,0.9949396984924622,3.2931601463158398,0.9949396984924622,14.661028689407367,0.9949396984924622,29.330405000577077,0.9949396984924622,21.55371778902359
1.0038743718592966,-0.7405099513920521,1.0038743718592966,3.435796574051118,1.0038743718592966,15.102242262230423,1.0038743718592966,29.897600058529786,1.0038743718592966,22.143024699685633
1.0128090452261307,-0.7173025287232321,1.0128090452261307,3.579698689282691,1.0128090452261307,15.546900907319431,1.0128090452261307,30.463711159043363,1.0128090452261307,22.738066338385313
1.0217437185929648,-0.6959017060856221,1.0217437185929648,3.724138063657136,1.0217437185929648,15.992739678767327,1.0217437185929648,31.02577665184307,1.0217437185929648,23.335966056095252
1.030678391959799,-0.6765149670379372,1.030678391959799,3.8683835492307796,1.030678391959799,16.43748761948888,1.030678391959799,31.58085605153715,1.030678391959799,23.933833386788262
1.0396130653266331,-0.6593302683553735,1.0396130653266331,4.01170497951944,1.0396130653266331,16.87887932873423,1.0396130653266331,32.12604542097421,1.0396130653266331,24.528778021007813
1.0485477386934672,-0.6445142177659842,1.0485477386934672,4.153376865580116,1.0485477386934672,17.3146665013005,1.0485477386934672,32.658492563395804,1.0485477386934672,25.117923778681643
1.0574824120603015,-0.6322104586686437,1.0574824120603015,4.292682068415081,1.0574824120603015,17.742629379664155,1.0574824120603015,33.17541194390573,1.0574824120603015,25.69842251362878
1.0664170854271358,-0.6225382774929596,1.0664170854271358,4.4289154291087796,1.0664170854271358,18.160588060700807,1.0664170854271358,33.67409926219276,1.0664170854271358,26.267467882540284
1.07535175879397,-0.6155914472029369,1.07535175879397,4.561387338321898,1.07535175879397,18.56641359939974,1.07535175879397,34.15194560026909,1.07535175879397,26.822308911869825
1.084286432160804,-0.6114373181567732,1.084286432160804,4.689427227073938,1.084286432160804,18.95803885301448,1.084286432160804,34.60645107120941,1.084286432160804,27.360263297046473
1.0932211055276382,-0.6101161651370062,1.0932211055276382,4.812386961144046,1.0932211055276382,19.333469010412813,1.0932211055276382,35.03523789748622,1.0932211055276382,27.878730369716518
1.1021557788944725,-0.6116407968816362,1.1021557788944725,4.9296441219077245,1.1021557788944725,19.690791752993082,1.1021557788944725,35.436062850481136,1.1021557788944725,28.37520367032598
1.1110904522613065,-0.6159964319018636,1.1110904522613065,5.040605157001936,1.1110904522613065,20.028186995410643,1.1110904522613065,35.80682898609418,1.1110904522613065,28.84728306526327
1.1200251256281406,-0.6231408417904094,1.1200251256281406,5.144708384870044,1.1200251256281406,20.343936156498103,1.1200251256281406,36.14559661505516,1.1200251256281406,29.292686349983434
1.128959798994975,-0.6330047606310184,1.128959798994975,5.2414268379776265,1.128959798994975,20.636430913156474,1.128959798994975,36.450593450545334,1.128959798994975,29.709260282019944
1.1378944723618092,-0.6454925565398807,1.1378944723618092,5.330270930306938,1.1378944723618092,20.904181392627766,1.1378944723618092,36.720223880041274,1.1378944723618092,30.09499099054679
1.1468291457286433,-0.6604831588282858,1.1468291457286433,5.4107909356271815,1.1468291457286433,21.14582376142017,1.1468291457286433,36.953077312874704,1.1468291457286433,30.44801371216701
1.1557638190954773,-0.6778312317975672,1.1557638190954773,5.482579263995724,1.1557638190954773,21.360127172230484,1.1557638190954773,37.14793555983737,1.1557638190954773,30.7666218058613
1.1646984924623116,-0.6973685837862426,1.1646984924623116,5.54527252496661,1.1646984924623116,21.546000033478183,1.1646984924623116,37.30377920622404,1.1646984924623116,31.04927500351522
1.1736331658291457,-0.7189057978084707,1.1736331658291457,5.598553367062511,1.1736331658291457,21.70249556951645,1.1736331658291457,37.4197929449727,1.1736331658291457,31.294606856138916
1.18256783919598,-0.7422340679746021,1.18256783919598,5.642152084198747,1.18256783919598,21.82881664319811,1.18256783919598,37.4953698420011,1.18256783919598,31.501431339781576
1.191502512562814,-0.767127223889472,1.191502512562814,5.675847980927695,1.191502512562814,21.924319816231847,1.191502512562814,37.53011451142537,1.191502512562814,31.66874858920516
1.200437185929648,-0.7933439234016909,1.200437185929648,5.699470489592782,1.200437185929648,21.988518626646755,1.200437185929648,37.523845184049215,1.200437185929648,31.7957497315989
1.2093718592964824,-0.8206299924449318,1.2093718592964824,5.712900033737034,1.2093718592964824,22.021086066670712,1.2093718592964824,37.476594658302375,1.2093718592964824,31.881820796966437
1.2183065326633167,-0.8487208892861801,1.2183065326633167,5.716068633395652,1.2183065326633167,22.021856248401164,1.2183065326633167,37.38861012865327,1.2183065326633167,31.926545686281457
1.227241206030151,-0.8773442692897746,1.227241206030151,5.708960249208626,1.227241206030151,21.990825248783928,1.227241206030151,37.260351892393665,1.227241206030151,31.929708183062665
1.2361758793969848,-0.9062226253315162,1.2361758793969848,5.691610863611524,1.2361758793969848,21.928151129595946,1.2361758793969848,37.09249094156085,1.2361758793969848,31.891292998643355
1.245110552763819,-0.9350759782637417,1.245110552763819,5.664108298693427,1.245110552763819,21.834153132330208,1.245110552763819,36.885905452595246,1.245110552763819,31.811485846082423
1.2540452261306534,-0.9636245913469524,1.2540452261306534,5.62659177164406,1.2540452261306534,21.709310052083875,1.2540452261306534,36.641676192098345,1.2540452261306534,31.690672542359493
1.2629798994974875,-0.9915916823312665,1.2629798994974875,5.579251190040395,1.2629798994974875,21.554257798732433,1.2629798994974875,36.36108086272567,1.2629798994974875,31.529437143194457
1.2719145728643215,-1.0187061068937522,1.2719145728643215,5.522326190539971,1.2719145728643215,21.36978615781244,1.2719145728643215,36.045587418794966,1.2719145728643215,31.328559119508373
1.280849246231156,-1.0447049874153533,1.280849246231156,5.456104925847058,1.280849246231156,21.156834767612033,1.280849246231156,35.696846386579345,1.280849246231156,31.08900958917583
1.2897839195979899,-1.0693362616111493,1.2897839195979899,5.38092260609199,1.2897839195979899,20.916488332960306,1.2897839195979899,35.316682229462295,1.2897839195979899,30.811946622285767
1.2987185929648242,-1.0923611263046284,1.2987185929648242,5.297159802007146,1.2987185929648242,20.649971100095254,1.2987185929648242,34.90708380312842,1.2987185929648242,30.49870964260684
1.3076532663316582,-1.1135563526533077,1.3076532663316582,5.205240518488899,1.3076532663316582,20.35864062075324,1.3076532663316582,34.470193950724195,1.3076532663316582,30.150812952322877
1.3165879396984925,-1.132716450379311,1.3165879396984925,5.1056300482970745,1.3165879396984925,20.043980837243883,1.3165879396984925,34.008298292422474,1.3165879396984925,29.769938411341904
1.3255226130653266,-1.149655660022412,1.3255226130653266,4.998832616756424,1.3255226130653266,19.707594523732602,1.3255226130653266,33.52381326803882,1.3255226130653266,29.35792730656997
1.3344572864321607,-1.16420975390043,1.3344572864321607,4.885388829382583,1.3344572864321607,19.351195122232443,1.3344572864321607,33.01927349525562,1.3344572864321607,28.916771450456338
1.3433919597989952,-1.176237628316425,1.3433919597989952,4.76587293535256,1.3433919597989952,18.976598014890197,1.3433919597989952,32.49731850959044,1.3433919597989952,28.44860355184338
1.352326633165829,-1.1856226715760776,1.352326633165829,4.640889920671988,1.352326633165829,18.585711277022586,1.352326633165829,31.960678955479146,1.352326633165829,27.955686905671506
1.3612613065326633,-1.1922738945521387,1.3612613065326633,4.511072445753408,1.3612613065326633,18.180525958003837,1.3612613065326633,31.41216230071632,1.3612613065326633,27.440404451383234
1.3701959798994974,-1.1961268128350013,1.3701959798994974,4.377077642907544,1.3701959798994974,17.763105939510485,1.3701959798994974,30.854638148988986,1.3701959798994974,26.90524725292193
1.3791306532663319,-1.1971440719168362,1.3791306532663319,4.239583789958494,1.3791306532663319,17.335577422782155,1.3791306532663319,30.291023227341757,1.3791306532663319,26.352802456017134
1.3880653266331657,-1.195315809348054,1.3880653266331657,4.099286876820988,1.3880653266331657,16.900118098446963,1.3880653266331657,29.724266127113065,1.3880653266331657,25.785740780975402
1.3970000000000002,-1.1906597503549448,1.3970000000000002,3.9568970824195038,1.3970000000000002,16.458946054076605,1.3970000000000002,29.157331878170808,1.3970000000000002,25.20680361144094
,,,,,,,,,
,,,,,,,,,
,,,,,,,,,
,,,,,,,,,
,,,,,,,,,
,,,,,,,,,
,,,,,,,,,
,,,,,,,,,
,,,,,,,,,
,,,,,,,,,
,,,,,,,,,
,,,,,,,,,
,,,,,,,,,
,,,,,,,,,
,,,,,,,,,
,,,,,,,,,
,,,,,,,,,
,,,,,,,,,
,,,,,,,,,
,,,,,,,,,
,,,,,,,,,
,,,,,,,,,
,,,,,,,,,
,,,,,,,,,
,,,,,,,,,
,,,,,,,,,
,,,,,,,,,
,,,,,,,,,
,,,,,,,,,
,,,,,,,,,
,,,,,,,,,
,,,,,,,,,
,,,,,,,,,
,,,,,,,,,
,,,,,,,,,
,,,,,,,,,
,,,,,,,,,
,,,,,,,,,
,,,,,,,,,
,,,,,,,,,
,,,,,,,,,
,,,,,,,,,
,,,,,,,,,
,,,,,,,,,
,,,,,,,,,
,,,,,,,,,
,,,,,,,,,
,,,,,,,,,
,,,,,,,,,
,,,,,,,,,
,,,,,,,,,
,,,,,,,,,
,,,,,,,,,
,,,,,,,,,
,,,,,,,,,
,,,,,,,,,
,,,,,,,,,
,,,,,,,,,
,,,,,,,,,
,,,,,,,,,
,,,,,,,,,
,,,,,,,,,
,,,,,,,,,
,,,,,,,,,
,,,,,,,,,
,,,,,,,,,
,,,,,,,,,
,,,,,,,,,
,,,,,,,,,
,,,,,,,,,
,,,,,,,,,
,,,,,,,,,
,,,,,,,,,
,,,,,,,,,
,,,,,,,,,
,,,,,,,,,
,,,,,,,,,
,,,,,,,,,
,,,,,,,,,
,,,,,,,,,
,,,,,,,,,
,,,,,,,,,
,,,,,,,,,
,,,,,,,,,
,,,,,,,,,
,,,,,,,,,
,,,,,,,,,
,,,,,,,,,
,,,,,,,,,
,,,,,,,,,
,,,,,,,,,
,,,,,,,,,
,,,,,,,,,
,,,,,,,,,
,,,,,,,,,
,,,,,,,,,
,,,,,,,,,
,,,,,,,,,
,,,,,,,,,
,,,,,,,,,
,,,,,,,,,
,,,,,,,,,
,,,,,,,,,
,,,,,,,,,
,,,,,,,,,
,,,,,,,,,
,,,,,,,,,
,,,,,,,,,
,,,,,,,,,
,,,,,,,,,
,,,,,,,,,
,,,,,,,,,
,,,,,,,,,
,,,,,,,,,
,,,,,,,,,
,,,,,,,,,
,,,,,,,,,
,,,,,,,,,
,,,,,,,,,
,,,,,,,,,
,,,,,,,,,
,,,,,,,,,
,,,,,,,,,
,,,,,,,,,
,,,,,,,,,
,,,,,,,,,
,,,,,,,,,
,,,,,,,,,
,,,,,,,,,
,,,,,,,,,
,,,,,,,,,
,,,,,,,,,
,,,,,,,,,
,,,,,,,,,
,,,,,,,,,
,,,,,,,,,
,,,,,,,,,
,,,,,,,,,
,,,,,,,,,
,,,,,,,,,
,,,,,,,,,
,,,,,,,,,
,,,,,,,,,
,,,,,,,,,
,,,,,,,,,
,,,,,,,,,
,,,,,,,,,
,,,,,,,,,
,,,,,,,,,
,,,,,,,,,
,,,,,,,,,
,,,,,,,,,
,,,,,,,,,
,,,,,,,,,
,,,,,,,,,
,,,,,,,,,
,,,,,,,,,
,,,,,,,,,
,,,,,,,,,
,,,,,,,,,
,,,,,,,,,
,,,,,,,,,
,,,,,,,,,
,,,,,,,,,
,,,,,,,,,
,,,,,,,,,
,,,,,,,,,
,,,,,,,,,
,,,,,,,,,
,,,,,,,,,
,,,,,,,,,
,,,,,,,,,
,,,,,,,,,
,,,,,,,,,
,,,,,,,,,
,,,,,,,,,
,,,,,,,,,
,,,,,,,,,
,,,,,,,,,
,,,,,,,,,
,,,,,,,,,
,,,,,,,,,
,,,,,,,,,
,,,,,,,,,
,,,,,,,,,
,,,,,,,,,
,,,,,,,,,
,,,,,,,,,
,,,,,,,,,
,,,,,,,,,
,,,,,,,,,
,,,,,,,,,
,,,,,,,,,
,,,,,,,,,
,,,,,,,,,
,,,,,,,,,
,,,,,,,,,
,,,,,,,,,
,,,,,,,,,
,,,,,,,,,
,,,,,,,,,
,,,,,,,,,
,,,,,,,,,
,,,,,,,,,
,,,,,,,,,
,,,,,,,,,
,,,,,,,,,
,,,,,,,,,
,,,,,,,,,
,,,,,,,,,
,,,,,,,,,
,,,,,,,,,
,,,,,,,,,
,,,,,,,,,
,,,,,,,,,
,,,,,,,,,
,,,,,,,,,
,,,,,,,,,
,,,,,,,,,
,,,,,,,,,
,,,,,,,,,
,,,,,,,,,
,,,,,,,,,
,,,,,,,,,
,,,,,,,,,
,,,,,,,,,
,,,,,,,,,
,,,,,,,,,
,,,,,,,,,
,,,,,,,,,
,,,,,,,,,
,,,,,,,,,
,,,,,,,,,
,,,,,,,,,
,,,,,,,,,
,,,,,,,,,
,,,,,,,,,
,,,,,,,,,
,,,,,,,,,
,,,,,,,,,
,,,,,,,,,
,,,,,,,,,
,,,,,,,,,
,,,,,,,,,
,,,,,,,,,
,,,,,,,,,
,,,,,,,,,
,,,,,,,,,
,,,,,,,,,
,,,,,,,,,
,,,,,,,,,
,,,,,,,,,
,,,,,,,,,
,,,,,,,,,
,,,,,,,,,
,,,,,,,,,
,,,,,,,,,
,,,,,,,,,
,,,,,,,,,
,,,,,,,,,
,,,,,,,,,
,,,,,,,,,
,,,,,,,,,
,,,,,,,,,
,,,,,,,,,
,,,,,,,,,
,,,,,,,,,
,,,,,,,,,
,,,,,,,,,
,,,,,,,,,
,,,,,,,,,
,,,,,,,,,
,,,,,,,,,
,,,,,,,,,
,,,,,,,,,
,,,,,,,,,
,,,,,,,,,
,,,,,,,,,
,,,,,,,,,
,,,,,,,,,
,,,,,,,,,
,,,,,,,,,
,,,,,,,,,
,,,,,,,,,
,,,,,,,,,
,,,,,,,,,
,,,,,,,,,
,,,,,,,,,
,,,,,,,,,
,,,,,,,,,
,,,,,,,,,
,,,,,,,,,
,,,,,,,,,
,,,,,,,,,
,,,,,,,,,
,,,,,,,,,
,,,,,,,,,
,,,,,,,,,
,,,,,,,,,
,,,,,,,,,
,,,,,,,,,
,,,,,,,,,
,,,,,,,,,
,,,,,,,,,
,,,,,,,,,
,,,,,,,,,
,,,,,,,,,
,,,,,,,,,
,,,,,,,,,
,,,,,,,,,
,,,,,,,,,
,,,,,,,,,
,,,,,,,,,
,,,,,,,,,
,,,,,,,,,
,,,,,,,,,
,,,,,,,,,
,,,,,,,,,
,,,,,,,,,
,,,,,,,,,
,,,,,,,,,
,,,,,,,,,
,,,,,,,,,
,,,,,,,,,
,,,,,,,,,
,,,,,,,,,
,,,,,,,,,
,,,,,,,,,
,,,,,,,,,
,,,,,,,,,
,,,,,,,,,
,,,,,,,,,
,,,,,,,,,
,,,,,,,,,
,,,,,,,,,
,,,,,,,,,
,,,,,,,,,
,,,,,,,,,
,,,,,,,,,
,,,,,,,,,
,,,,,,,,,
,,,,,,,,,
,,,,,,,,,
,,,,,,,,,
,,,,,,,,,
,,,,,,,,,
,,,,,,,,,
,,,,,,,,,
,,,,,,,,,
,,,,,,,,,
,,,,,,,,,
,,,,,,,,,
,,,,,,,,,
,,,,,,,,,
,,,,,,,,,
,,,,,,,,,
,,,,,,,,,
,,,,,,,,,
,,,,,,,,,
,,,,,,,,,
,,,,,,,,,
,,,,,,,,,
,,,,,,,,,
,,,,,,,,,
,,,,,,,,,
,,,,,,,,,
,,,,,,,,,
,,,,,,,,,
,,,,,,,,,
,,,,,,,,,
,,,,,,,,,
,,,,,,,,,
,,,,,,,,,
,,,,,,,,,
,,,,,,,,,
,,,,,,,,,
,,,,,,,,,
,,,,,,,,,
,,,,,,,,,
,,,,,,,,,
,,,,,,,,,
,,,,,,,,,
,,,,,,,,,
,,,,,,,,,
,,,,,,,,,
,,,,,,,,,
,,,,,,,,,
,,,,,,,,,
,,,,,,,,,
,,,,,,,,,
,,,,,,,,,
,,,,,,,,,
,,,,,,,,,
,,,,,,,,,
,,,,,,,,,
,,,,,,,,,
,,,,,,,,,
,,,,,,,,,
,,,,,,,,,
,,,,,,,,,
,,,,,,,,,
,,,,,,,,,
,,,,,,,,,
,,,,,,,,,
,,,,,,,,,
,,,,,,,,,
,,,,,,,,,
,,,,,,,,,
,,,,,,,,,
,,,,,,,,,
,,,,,,,,,
,,,,,,,,,
,,,,,,,,,
,,,,,,,,,
,,,,,,,,,
,,,,,,,,,
,,,,,,,,,
,,,,,,,,,
,,,,,,,,,
,,,,,,,,,
,,,,,,,,,
,,,,,,,,,
,,,,,,,,,
,,,,,,,,,
,,,,,,,,,
,,,,,,,,,
,,,,,,,,,
,,,,,,,,,
,,,,,,,,,
,,,,,,,,,
,,,,,,,,,
,,,,,,,,,
,,,,,,,,,
,,,,,,,,,
,,,,,,,,,
,,,,,,,,,
,,,,,,,,,
,,,,,,,,,
,,,,,,,,,
,,,,,,,,,
,,,,,,,,,
,,,,,,,,,
,,,,,,,,,
,,,,,,,,,
,,,,,,,,,
,,,,,,,,,
,,,,,,,,,
,,,,,,,,,
,,,,,,,,,
,,,,,,,,,
,,,,,,,,,
,,,,,,,,,
,,,,,,,,,
,,,,,,,,,
,,,,,,,,,
,,,,,,,,,
,,,,,,,,,
,,,,,,,,,
,,,,,,,,,
,,,,,,,,,
,,,,,,,,,
,,,,,,,,,
,,,,,,,,,
,,,,,,,,,
,,,,,,,,,
,,,,,,,,,
,,,,,,,,,
,,,,,,,,,
,,,,,,,,,
,,,,,,,,,
,,,,,,,,,
,,,,,,,,,
,,,,,,,,,
,,,,,,,,,
,,,,,,,,,
,,,,,,,,,
,,,,,,,,,
,,,,,,,,,
,,,,,,,,,
,,,,,,,,,
,,,,,,,,,
,,,,,,,,,
,,,,,,,,,
,,,,,,,,,
,,,,,,,,,
,,,,,,,,,
,,,,,,,,,
,,,,,,,,,
,,,,,,,,,
,,,,,,,,,
,,,,,,,,,
,,,,,,,,,
,,,,,,,,,
,,,,,,,,,
,,,,,,,,,
,,,,,,,,,
,,,,,,,,,
,,,,,,,,,
,,,,,,,,,
,,,,,,,,,
,,,,,,,,,
,,,,,,,,,
,,,,,,,,,
,,,,,,,,,
,,,,,,,,,
,,,,,,,,,
,,,,,,,,,
,,,,,,,,,
,,,,,,,,,
,,,,,,,,,
,,,,,,,,,
,,,,,,,,,
,,,,,,,,,
,,,,,,,,,
,,,,,,,,,
,,,,,,,,,
,,,,,,,,,
,,,,,,,,,
,,,,,,,,,
,,,,,,,,,
,,,,,,,,,
,,,,,,,,,
,,,,,,,,,
,,,,,,,,,
,,,,,,,,,
,,,,,,,,,
,,,,,,,,,
,,,,,,,,,
,,,,,,,,,
,,,,,,,,,
,,,,,,,,,
,,,,,,,,,
,,,,,,,,,
,,,,,,,,,
,,,,,,,,,
,,,,,,,,,
,,,,,,,,,
,,,,,,,,,
,,,,,,,,,
,,,,,,,,,
,,,,,,,,,
,,,,,,,,,
,,,,,,,,,
,,,,,,,,,
,,,,,,,,,
,,,,,,,,,
,,,,,,,,,
,,,,,,,,,
,,,,,,,,,
,,,,,,,,,
,,,,,,,,,
,,,,,,,,,
,,,,,,,,,
,,,,,,,,,
,,,,,,,,,
,,,,,,,,,
,,,,,,,,,
,,,,,,,,,
,,,,,,,,,
,,,,,,,,,
,,,,,,,,,
,,,,,,,,,
,,,,,,,,,
,,,,,,,,,
,,,,,,,,,
,,,,,,,,,
,,,,,,,,,
,,,,,,,,,
,,,,,,,,,
,,,,,,,,,
,,,,,,,,,
,,,,,,,,,
,,,,,,,,,
,,,,,,,,,
,,,,,,,,,
,,,,,,,,,
,,,,,,,,,
,,,,,,,,,
,,,,,,,,,
,,,,,,,,,
,,,,,,,,,
,,,,,,,,,
,,,,,,,,,
,,,,,,,,,
,,,,,,,,,
,,,,,,,,,
,,,,,,,,,
,,,,,,,,,
,,,,,,,,,
,,,,,,,,,
,,,,,,,,,
,,,,,,,,,
,,,,,,,,,
,,,,,,,,,
,,,,,,,,,
,,,,,,,,,
,,,,,,,,,
,,,,,,,,,
,,,,,,,,,
,,,,,,,,,
,,,,,,,,,
,,,,,,,,,
,,,,,,,,,
,,,,,,,,,
,,,,,,,,,
,,,,,,,,,
,,,,,,,,,
,,,,,,,,,
,,,,,,,,,
,,,,,,,,,
,,,,,,,,,
,,,,,,,,,
,,,,,,,,,
,,,,,,,,,
,,,,,,,,,
,,,,,,,,,
,,,,,,,,,
,,,,,,,,,
,,,,,,,,,
,,,,,,,,,
,,,,,,,,,
,,,,,,,,,
,,,,,,,,,
,,,,,,,,,
,,,,,,,,,
,,,,,,,,,
,,,,,,,,,
,,,,,,,,,
,,,,,,,,,
,,,,,,,,,
,,,,,,,,,
,,,,,,,,,
,,,,,,,,,
,,,,,,,,,
,,,,,,,,,
,,,,,,,,,
,,,,,,,,,
,,,,,,,,,
,,,,,,,,,
,,,,,,,,,
,,,,,,,,,
,,,,,,,,,
,,,,,,,,,
,,,,,,,,,
,,,,,,,,,
,,,,,,,,,
,,,,,,,,,
,,,,,,,,,
,,,,,,,,,
,,,,,,,,,
,,,,,,,,,
,,,,,,,,,
,,,,,,,,,
,,,,,,,,,
,,,,,,,,,
,,,,,,,,,
,,,,,,,,,
,,,,,,,,,
,,,,,,,,,
,,,,,,,,,
,,,,,,,,,
,,,,,,,,,
,,,,,,,,,
,,,,,,,,,
,,,,,,,,,
,,,,,,,,,
,,,,,,,,,
,,,,,,,,,
,,,,,,,,,
,,,,,,,,,
,,,,,,,,,
,,,,,,,,,
,,,,,,,,,
,,,,,,,,,
,,,,,,,,,
,,,,,,,,,
,,,,,,,,,
,,,,,,,,,
,,,,,,,,,
,,,,,,,,,
,,,,,,,,,
,,,,,,,,,
,,,,,,,,,
,,,,,,,,,
,,,,,,,,,
,,,,,,,,,
,,,,,,,,,
,,,,,,,,,
,,,,,,,,,
,,,,,,,,,
,,,,,,,,,
,,,,,,,,,
,,,,,,,,,
,,,,,,,,,
,,,,,,,,,
,,,,,,,,,
,,,,,,,,,
,,,,,,,,,
,,,,,,,,,
,,,,,,,,,
,,,,,,,,,
,,,,,,,,,
,,,,,,,,,
,,,,,,,,,
,,,,,,,,,
,,,,,,,,,
,,,,,,,,,
,,,,,,,,,
,,,,,,,,,
,,,,,,,,,
,,,,,,,,,
,,,,,,,,,
,,,,,,,,,
,,,,,,,,,
,,,,,,,,,
,,,,,,,,,
,,,,,,,,,
,,,,,,,,,
,,,,,,,,,
,,,,,,,,,
,,,,,,,,,
,,,,,,,,,
,,,,,,,,,
,,,,,,,,,
,,,,,,,,,
,,,,,,,,,
,,,,,,,,,
,,,,,,,,,
,,,,,,,,,
,,,,,,,,,
,,,,,,,,,
,,,,,,,,,
,,,,,,,,,
,,,,,,,,,
,,,,,,,,,
,,,,,,,,,
,,,,,,,,,
,,,,,,,,,
,,,,,,,,,
,,,,,,,,,
,,,,,,,,,
,,,,,,,,,
,,,,,,,,,
,,,,,,,,,
,,,,,,,,,
,,,,,,,,,
,,,,,,,,,
,,,,,,,,,
,,,,,,,,,
,,,,,,,,,
,,,,,,,,,
,,,,,,,,,
,,,,,,,,,
,,,,,,,,,
,,,,,,,,,
,,,,,,,,,
,,,,,,,,,
,,,,,,,,,
,,,,,,,,,
,,,,,,,,,
,,,,,,,,,
,,,,,,,,,
,,,,,,,,,
,,,,,,,,,
,,,,,,,,,
,,,,,,,,,
,,,,,,,,,
,,,,,,,,,
,,,,,,,,,
,,,,,,,,,
,,,,,,,,,
,,,,,,,,,
,,,,,,,,,
,,,,,,,,,
,,,,,,,,,
,,,,,,,,,
,,,,,,,,,
,,,,,,,,,
,,,,,,,,,
,,,,,,,,,
,,,,,,,,,
,,,,,,,,,
,,,,,,,,,
,,,,,,,,,
,,,,,,,,,
,,,,,,,,,
,,,,,,,,,
,,,,,,,,,
,,,,,,,,,
,,,,,,,,,
,,,,,,,,,
,,,,,,,,,
,,,,,,,,,
,,,,,,,,,
,,,,,,,,,
,,,,,,,,,
,,,,,,,,,
,,,,,,,,,
,,,,,,,,,
,,,,,,,,,
,,,,,,,,,
,,,,,,,,,
,,,,,,,,,
,,,,,,,,,
,,,,,,,,,
,,,,,,,,,
,,,,,,,,,
,,,,,,,,,
,,,,,,,,,
,,,,,,,,,
,,,,,,,,,
,,,,,,,,,
,,,,,,,,,
,,,,,,,,,
,,,,,,,,,
,,,,,,,,,
,,,,,,,,,
,,,,,,,,,
,,,,,,,,,
,,,,,,,,,
,,,,,,,,,
,,,,,,,,,
,,,,,,,,,
,,,,,,,,,
,,,,,,,,,
,,,,,,,,,
,,,,,,,,,
,,,,,,,,,
,,,,,,,,,
,,,,,,,,,
,,,,,,,,,
,,,,,,,,,
,,,,,,,,,
,,,,,,,,,
,,,,,,,,,
,,,,,,,,,
,,,,,,,,,
,,,,,,,,,
,,,,,,,,,
,,,,,,,,,
,,,,,,,,,
,,,,,,,,,
,,,,,,,,,
,,,,,,,,,
,,,,,,,,,
,,,,,,,,,
,,,,,,,,,
,,,,,,,,,
,,,,,,,,,
,,,,,,,,,
,,,,,,,,,
,,,,,,,,,
,,,,,,,,,
,,,,,,,,,
,,,,,,,,,
,,,,,,,,,
,,,,,,,,,
,,,,,,,,,
,,,,,,,,,
,,,,,,,,,
,,,,,,,,,
,,,,,,,,,
,,,,,,,,,
,,,,,,,,,
,,,,,,,,,
,,,,,,,,,
,,,,,,,,,
,,,,,,,,,
,,,,,,,,,
,,,,,,,,,
,,,,,,,,,
,,,,,,,,,
,,,,,,,,,
,,,,,,,,,
,,,,,,,,,
,,,,,,,,,
,,,,,,,,,
,,,,,,,,,
,,,,,,,,,
,,,,,,,,,
,,,,,,,,,
,,,,,,,,,
,,,,,,,,,
,,,,,,,,,
,,,,,,,,,
,,,,,,,,,
,,,,,,,,,
,,,,,,,,,
,,,,,,,,,
,,,,,,,,,
,,,,,,,,,
,,,,,,,,,
,,,,,,,,,
,,,,,,,,,
,,,,,,,,,
,,,,,,,,,
,,,,,,,,,
,,,,,,,,,
,,,,,,,,,
,,,,,,,,,
,,,,,,,,,
,,,,,,,,,
,,,,,,,,,
,,,,,,,,,
,,,,,,,,,
,,,,,,,,,
,,,,,,,,,
,,,,,,,,,
,,,,,,,,,
,,,,,,,,,
,,,,,,,,,
,,,,,,,,,
,,,,,,,,,
,,,,,,,,,
,,,,,,,,,
,,,,,,,,,
,,,,,,,,,
,,,,,,,,,
,,,,,,,,,
,,,,,,,,,
,,,,,,,,,
,,,,,,,,,
,,,,,,,,,
,,,,,,,,,
,,,,,,,,,
,,,,,,,,,
,,,,,,,,,
,,,,,,,,,
,,,,,,,,,
,,,,,,,,,
,,,,,,,,,
,,,,,,,,,
,,,,,,,,,
,,,,,,,,,
,,,,,,,,,
,,,,,,,,,
,,,,,,,,,
,,,,,,,,,
,,,,,,,,,
,,,,,,,,,
,,,,,,,,,
,,,,,,,,,
,,,,,,,,,
,,,,,,,,,
,,,,,,,,,
,,,,,,,,,
,,,,,,,,,
,,,,,,,,,
,,,,,,,,,
,,,,,,,,,
,,,,,,,,,
,,,,,,,,,
,,,,,,,,,
,,,,,,,,,
,,,,,,,,,
,,,,,,,,,
,,,,,,,,,
,,,,,,,,,
,,,,,,,,,
,,,,,,,,,
,,,,,,,,,
,,,,,,,,,
,,,,,,,,,
,,,,,,,,,
,,,,,,,,,
,,,,,,,,,
,,,,,,,,,
,,,,,,,,,
,,,,,,,,,
,,,,,,,,,
,,,,,,,,,
,,,,,,,,,
,,,,,,,,,
,,,,,,,,,
,,,,,,,,,
,,,,,,,,,
,,,,,,,,,
,,,,,,,,,
,,,,,,,,,
,,,,,,,,,
,,,,,,,,,
,,,,,,,,,
,,,,,,,,,
,,,,,,,,,
,,,,,,,,,
,,,,,,,,,
,,,,,,,,,
,,,,,,,,,
,,,,,,,,,
,,,,,,,,,
,,,,,,,,,
,,,,,,,,,
,,,,,,,,,
,,,,,,,,,
,,,,,,,,,
,,,,,,,,,
,,,,,,,,,
,,,,,,,,,
,,,,,,,,,
,,,,,,,,,
,,,,,,,,,
,,,,,,,,,
,,,,,,,,,
,,,,,,,,,
,,,,,,,,,
,,,,,,,,,
,,,,,,,,,
,,,,,,,,,
,,,,,,,,,
,,,,,,,,,
,,,,,,,,,
,,,,,,,,,
,,,,,,,,,
,,,,,,,,,
,,,,,,,,,
,,,,,,,,,
,,,,,,,,,
,,,,,,,,,
,,,,,,,,,
,,,,,,,,,
,,,,,,,,,
,,,,,,,,,
,,,,,,,,,
,,,,,,,,,
,,,,,,,,,
,,,,,,,,,
,,,,,,,,,
,,,,,,,,,
,,,,,,,,,
,,,,,,,,,
,,,,,,,,,
,,,,,,,,,
,,,,,,,,,
,,,,,,,,,
,,,,,,,,,
,,,,,,,,,
,,,,,,,,,
,,,,,,,,,
,,,,,,,,,
,,,,,,,,,
,,,,,,,,,
,,,,,,,,,
,,,,,,,,,
,,,,,,,,,
,,,,,,,,,
,,,,,,,,,
,,,,,,,,,
,,,,,,,,,
,,,,,,,,,
,,,,,,,,,
,,,,,,,,,
,,,,,,,,,
,,,,,,,,,
,,,,,,,,,
,,,,,,,,,
,,,,,,,,,
,,,,,,,,,
,,,,,,,,,
,,,,,,,,,
,,,,,,,,,
,,,,,,,,,
,,,,,,,,,
,,,,,,,,,
,,,,,,,,,
,,,,,,,,,
,,,,,,,,,
,,,,,,,,,
,,,,,,,,,
,,,,,,,,,
,,,,,,,,,
,,,,,,,,,
,,,,,,,,,
,,,,,,,,,
,,,,,,,,,
,,,,,,,,,
,,,,,,,,,
,,,,,,,,,
,,,,,,,,,
,,,,,,,,,
,,,,,,,,,
,,,,,,,,,
,,,,,,,,,
,,,,,,,,,
,,,,,,,,,
,,,,,,,,,
,,,,,,,,,
,,,,,,,,,
,,,,,,,,,
,,,,,,,,,
,,,,,,,,,
,,,,,,,,,
,,,,,,,,,
,,,,,,,,,
,,,,,,,,,
,,,,,,,,,
,,,,,,,,,
,,,,,,,,,
,,,,,,,,,
,,,,,,,,,
,,,,,,,,,
,,,,,,,,,
,,,,,,,,,
,,,,,,,,,
,,,,,,,,,
,,,,,,,,,
,,,,,,,,,
,,,,,,,,,
,,,,,,,,,
,,,,,,,,,
,,,,,,,,,
,,,,,,,,,
,,,,,,,,,
,,,,,,,,,
,,,,,,,,,
,,,,,,,,,
,,,,,,,,,
,,,,,,,,,
,,,,,,,,,
,,,,,,,,,
,,,,,,,,,
,,,,,,,,,
,,,,,,,,,
,,,,,,,,,
,,,,,,,,,
,,,,,,,,,
,,,,,,,,,
,,,,,,,,,
,,,,,,,,,
,,,,,,,,,
,,,,,,,,,
,,,,,,,,,
,,,,,,,,,
,,,,,,,,,
,,,,,,,,,
,,,,,,,,,
,,,,,,,,,
,,,,,,,,,
,,,,,,,,,
,,,,,,,,,
,,,,,,,,,
,,,,,,,,,
,,,,,,,,,
,,,,,,,,,
,,,,,,,,,
,,,,,,,,,
,,,,,,,,,
,,,,,,,,,
,,,,,,,,,
,,,,,,,,,
,,,,,,,,,
,,,,,,,,,
,,,,,,,,,
,,,,,,,,,
,,,,,,,,,
,,,,,,,,,
,,,,,,,,,
,,,,,,,,,
,,,,,,,,,
,,,,,,,,,
,,,,,,,,,
,,,,,,,,,
,,,,,,,,,
,,,,,,,,,
,,,,,,,,,
,,,,,,,,,
,,,,,,,,,
,,,,,,,,,
,,,,,,,,,
,,,,,,,,,
,,,,,,,,,
,,,,,,,,,
,,,,,,,,,
,,,,,,,,,
,,,,,,,,,
,,,,,,,,,
,,,,,,,,,
,,,,,,,,,
,,,,,,,,,
,,,,,,,,,
,,,,,,,,,
,,,,,,,,,
,,,,,,,,,
,,,,,,,,,
,,,,,,,,,
,,,,,,,,,
,,,,,,,,,
,,,,,,,,,
,,,,,,,,,
,,,,,,,,,
,,,,,,,,,
,,,,,,,,,
,,,,,,,,,
,,,,,,,,,
,,,,,,,,,
,,,,,,,,,
,,,,,,,,,
,,,,,,,,,
,,,,,,,,,
,,,,,,,,,
,,,,,,,,,
,,,,,,,,,
,,,,,,,,,
,,,,,,,,,
,,,,,,,,,
,,,,,,,,,
,,,,,,,,,
,,,,,,,,,
,,,,,,,,,
,,,,,,,,,
,,,,,,,,,
,,,,,,,,,
,,,,,,,,,
,,,,,,,,,
,,,,,,,,,
,,,,,,,,,
,,,,,,,,,
,,,,,,,,,
,,,,,,,,,
,,,,,,,,,
,,,,,,,,,
,,,,,,,,,
,,,,,,,,,
,,,,,,,,,
,,,,,,,,,
,,,,,,,,,
,,,,,,,,,
,,,,,,,,,
,,,,,,,,,
,,,,,,,,,
,,,,,,,,,
,,,,,,,,,
,,,,,,,,,
,,,,,,,,,
,,,,,,,,,
,,,,,,,,,
,,,,,,,,,
,,,,,,,,,
,,,,,,,,,
,,,,,,,,,
,,,,,,,,,
,,,,,,,,,
,,,,,,,,,
,,,,,,,,,
,,,,,,,,,
,,,,,,,,,
,,,,,,,,,
,,,,,,,,,
,,,,,,,,,
,,,,,,,,,
,,,,,,,,,
,,,,,,,,,
,,,,,,,,,
,,,,,,,,,
,,,,,,,,,
,,,,,,,,,
,,,,,,,,,
,,,,,,,,,
,,,,,,,,,
,,,,,,,,,
,,,,,,,,,
,,,,,,,,,
,,,,,,,,,
,,,,,,,,,
,,,,,,,,,
,,,,,,,,,
,,,,,,,,,
,,,,,,,,,
,,,,,,,,,
,,,,,,,,,
,,,,,,,,,
